not existent inverse 16079919820099 mod 1997 
not existent inverse 16079919820099 mod 1999 
not existent inverse 16079919820099 mod 2003 
not existent inverse 16079919820099 mod 2011 
USAGE: N,M,B,a, ....
 precomputations 
---factor Base p_i of 1992 primes for witch legandre (n/p)=1---
     2      3      5      7     11 
    13     17     19     23     29 
    31     37     41     43     47 
    53     59     61     67     71 
    73     79     83     89     97 
   101    103    107    109    113 
   127    131    137    139    149 
   151    157    163    167    173 
   179    181    191    193    197 
   199    211    223    227    229 
   233    239    241    251    257 
   263    269    271    277    281 
   283    293    307    311    313 
   317    331    337    347    349 
   353    359    367    373    379 
   383    389    397    401    409 
   419    421    431    433    439 
   443    449    457    461    463 
   467    479    487    491    499 
   503    509    521    523    541 
   547    557    563    569    571 
   577    587    593    599    601 
   607    613    617    619    631 
   641    643    647    653    659 
   661    673    677    683    691 
   701    709    719    727    733 
   739    743    751    757    761 
   769    773    787    797    809 
   811    821    823    827    829 
   839    853    857    859    863 
   877    881    883    887    907 
   911    919    929    937    941 
   947    953    967    971    977 
   983    991    997   1009   1013 
  1019   1021   1031   1033   1039 
  1049   1051   1061   1063   1069 
  1087   1091   1093   1097   1103 
  1109   1117   1123   1129   1151 
  1153   1163   1171   1181   1187 
  1193   1201   1213   1217   1223 
  1229   1231   1237   1249   1259 
  1277   1279   1283   1289   1291 
  1297   1301   1303   1307   1319 
  1321   1327   1361   1367   1373 
  1381   1399   1409   1423   1427 
  1429   1433   1439   1447   1451 
  1453   1459   1471   1481   1483 
  1487   1489   1493   1499   1511 
  1523   1531   1543   1549   1553 
  1559   1567   1571   1579   1583 
  1597   1601   1607   1609   1613 
  1619   1621   1627   1637   1657 
  1663   1667   1669   1693   1697 
  1699   1709   1721   1723   1733 
  1741   1747   1753   1759   1777 
  1783   1787   1789   1801   1811 
  1823   1831   1847   1861   1867 
  1871   1873   1877   1879   1889 
  1901   1907   1913   1931   1933 
  1949   1951   1973   1979   1987 
  1993   1997   1999   2003   2011 
  2017   2027   2029   2039   2053 
  2063   2069   2081   2083   2087 
  2089   2099   2111   2113   2129 
  2131   2137   2141   2143   2153 
  2161   2179   2203   2207   2213 
  2221   2237   2239   2243   2251 
  2267   2269   2273   2281   2287 
  2293   2297   2309   2311   2333 
  2339   2341   2347   2351   2357 
  2371   2377   2381   2383   2389 
  2393   2399   2411   2417   2423 
  2437   2441   2447   2459   2467 
  2473   2477   2503   2521   2531 
  2539   2543   2549   2551   2557 
  2579   2591   2593   2609   2617 
  2621   2633   2647   2657   2659 
  2663   2671   2677   2683   2687 
  2689   2693   2699   2707   2711 
  2713   2719   2729   2731   2741 
  2749   2753   2767   2777   2789 
  2791   2797   2801   2803   2819 
  2833   2837   2843   2851   2857 
  2861   2879   2887   2897   2903 
  2909   2917   2927   2939   2953 
  2957   2963   2969   2971   2999 
  3001   3011   3019   3023   3037 
  3041   3049   3061   3067   3079 
  3083   3089   3109   3119   3121 
  3137   3163   3167   3169   3181 
  3187   3191   3203   3209   3217 
  3221   3229   3251   3253   3257 
  3259   3271   3299   3301   3307 
  3313   3319   3323   3329   3331 
  3343   3347   3359   3361   3371 
  3373   3389   3391   3407   3413 
  3433   3449   3457   3461   3463 
  3467   3469   3491   3499   3511 
  3517   3527   3529   3533   3539 
  3541   3547   3557   3559   3571 
  3581   3583   3593   3607   3613 
  3617   3623   3631   3637   3643 
  3659   3671   3673   3677   3691 
  3697   3701   3709   3719   3727 
  3733   3739   3761   3767   3769 
  3779   3793   3797   3803   3821 
  3823   3833   3847   3851   3853 
  3863   3877   3881   3889   3907 
  3911   3917   3919   3923   3929 
  3931   3943   3947   3967   3989 
  4001   4003   4007   4013   4019 
  4021   4027   4049   4051   4057 
  4073   4079   4091   4093   4099 
  4111   4127   4129   4133   4139 
  4153   4157   4159   4177   4201 
  4211   4217   4219   4229   4231 
  4241   4243   4253   4259   4261 
  4271   4273   4283   4289   4297 
  4327   4337   4339   4349   4357 
  4363   4373   4391   4397   4409 
  4421   4423   4441   4447   4451 
  4457   4463   4481   4483   4493 
  4507   4513   4517   4519   4523 
  4547   4549   4561   4567   4583 
  4591   4597   4603   4621   4637 
  4639   4643   4649   4651   4657 
  4663   4673   4679   4691   4703 
  4721   4723   4729   4733   4751 
  4759   4783   4787   4789   4793 
  4799   4801   4813   4817   4831 
  4861   4871   4877   4889   4903 
  4909   4919   4931   4933   4937 
  4943   4951   4957   4967   4969 
  4973   4987   4993   4999   5003 
  5009   5011   5021   5023   5039 
  5051   5059   5077   5081   5087 
  5099   5101   5107   5113   5119 
  5147   5153   5167   5171   5179 
  5189   5197   5209   5227   5231 
  5233   5237   5261   5273   5279 
  5281   5297   5303   5309   5323 
  5333   5347   5351   5381   5387 
  5393   5399   5407   5413   5417 
  5419   5431   5437   5441   5443 
  5449   5471   5477   5479   5483 
  5501   5503   5507   5519   5521 
  5527   5531   5557   5563   5569 
  5573   5581   5591   5623   5639 
  5641   5647   5651   5653   5657 
  5659   5669   5683   5689   5693 
  5701   5711   5717   5737   5741 
  5743   5749   5779   5783   5791 
  5801   5807   5813   5821   5827 
  5839   5843   5849   5851   5857 
  5861   5867   5869   5879   5881 
  5897   5903   5923   5927   5939 
  5953   5981   5987   6007   6011 
  6029   6037   6043   6047   6053 
  6067   6073   6079   6089   6091 
  6101   6113   6121   6131   6133 
  6143   6151   6163   6173   6197 
  6199   6203   6211   6217   6221 
  6229   6247   6257   6263   6269 
  6271   6277   6287   6299   6301 
  6311   6317   6323   6329   6337 
  6343   6353   6359   6361   6367 
  6373   6379   6389   6397   6421 
  6427   6449   6451   6469   6473 
  6481   6491   6521   6529   6547 
  6551   6553   6563   6569   6571 
  6577   6581   6599   6607   6619 
  6637   6653   6659   6661   6673 
  6679   6689   6691   6701   6703 
  6709   6719   6733   6737   6761 
  6763   6779   6781   6791   6793 
  6803   6823   6827   6829   6833 
  6841   6857   6863   6869   6871 
  6883   6899   6907   6911   6917 
  6947   6949   6959   6961   6967 
  6971   6977   6983   6991   6997 
  7001   7013   7019   7027   7039 
  7043   7057   7069   7079   7103 
  7109   7121   7127   7129   7151 
  7159   7177   7187   7193   7207 
  7211   7213   7219   7229   7237 
  7243   7247   7253   7283   7297 
  7307   7309   7321   7331   7333 
  7349   7351   7369   7393   7411 
  7417   7433   7451   7457   7459 
  7477   7481   7487   7489   7499 
  7507   7517   7523   7529   7537 
  7541   7547   7549   7559   7561 
  7573   7577   7583   7589   7591 
  7603   7607   7621   7639   7643 
  7649   7669   7673   7681   7687 
  7691   7699   7703   7717   7723 
  7727   7741   7753   7757   7759 
  7789   7793   7817   7823   7829 
  7841   7853   7867   7873   7877 
  7879   7883   7901   7907   7919 
  7927   7933   7937   7949   7951 
  7963   7993   8009   8011   8017 
  8039   8053   8059   8069   8081 
  8087   8089   8093   8101   8111 
  8117   8123   8147   8161   8167 
  8171   8179   8191   8209   8219 
  8221   8231   8233   8237   8243 
  8263   8269   8273   8287   8291 
  8293   8297   8311   8317   8329 
  8353   8363   8369   8377   8387 
  8389   8419   8423   8429   8431 
  8443   8447   8461   8467   8501 
  8513   8521   8527   8537   8539 
  8543   8563   8573   8581   8597 
  8599   8609   8623   8627   8629 
  8641   8647   8663   8669   8677 
  8681   8689   8693   8699   8707 
  8713   8719   8731   8737   8741 
  8747   8753   8761   8779   8783 
  8803   8807   8819   8821   8831 
  8837   8839   8849   8861   8863 
  8867   8887   8893   8923   8929 
  8933   8941   8951   8963   8969 
  8971   8999   9001   9007   9011 
  9013   9029   9041   9043   9049 
  9059   9067   9091   9103   9109 
  9127   9133   9137   9151   9157 
  9161   9173   9181   9187   9199 
  9203   9209   9221   9227   9239 
  9241   9257   9277   9281   9283 
  9293   9311   9319   9323   9337 
  9341   9343   9349   9371   9377 
  9391   9397   9403   9413   9419 
  9421   9431   9433   9437   9439 
  9461   9463   9467   9473   9479 
  9491   9497   9511   9521   9533 
  9539   9547   9551   9587   9601 
  9613   9619   9623   9629   9631 
  9643   9649   9661   9677   9679 
  9689   9697   9719   9721   9733 
  9739   9743   9749   9767   9769 
  9781   9787   9791   9803   9811 
  9817   9829   9833   9839   9851 
  9857   9859   9871   9883   9887 
  9901   9907   9923   9929   9931 
  9941   9949   9967   9973  10007 
 10009  10037  10039  10061  10067 
 10069  10079  10091  10093  10099 
 10103  10111  10133  10139  10141 
 10151  10159  10163  10169  10177 
 10181  10193  10211  10223  10243 
 10247  10253  10259  10267  10271 
 10273  10289  10301  10303  10313 
 10321  10331  10333  10337  10343 
 10357  10369  10391  10399  10427 
 10429  10433  10453  10457  10459 
 10463  10477  10487  10499  10501 
 10513  10529  10531  10559  10567 
 10589  10597  10601  10607  10613 
 10627  10631  10639  10651  10657 
 10663  10667  10687  10691  10709 
 10711  10723  10729  10733  10739 
 10753  10771  10781  10789  10799 
 10831  10837  10847  10853  10859 
 10861  10867  10883  10889  10891 
 10903  10909  10937  10939  10949 
 10957  10973  10979  10987  10993 
 11003  11027  11047  11057  11059 
 11069  11071  11083  11087  11093 
 11113  11117  11119  11131  11149 
 11159  11161  11171  11173  11177 
 11197  11213  11239  11243  11251 
 11257  11261  11273  11279  11287 
 11299  11311  11317  11321  11329 
 11351  11353  11369  11383  11393 
 11399  11411  11423  11437  11443 
 11447  11467  11471  11483  11489 
 11491  11497  11503  11519  11527 
 11549  11551  11579  11587  11593 
 11597  11617  11621  11633  11657 
 11677  11681  11689  11699  11701 
 11717  11719  11731  11743  11777 
 11779  11783  11789  11801  11807 
 11813  11821  11827  11831  11833 
 11839  11863  11867  11887  11897 
 11903  11909  11923  11927  11933 
 11939  11941  11953  11959  11969 
 11971  11981  11987  12007  12011 
 12037  12041  12043  12049  12071 
 12073  12097  12101  12107  12109 
 12113  12119  12143  12149  12157 
 12161  12163  12197  12203  12211 
 12227  12239  12241  12251  12253 
 12263  12269  12277  12281  12289 
 12301  12323  12329  12343  12347 
 12373  12377  12379  12391  12401 
 12409  12413  12421  12433  12437 
 12451  12457  12473  12479  12487 
 12491  12497  12503  12511  12517 
 12527  12539  12541  12547  12553 
 12569  12577  12583  12589  12601 
 12611  12613  12619  12637  12641 
 12647  12653  12659  12671  12689 
 12697  12703  12713  12721  12739 
 12743  12757  12763  12781  12791 
 12799  12809  12821  12823  12829 
 12841  12853  12889  12893  12899 
 12907  12911  12917  12919  12923 
 12941  12953  12959  12967  12973 
 12979  12983  13001  13003  13007 
 13009  13033  13037  13043  13049 
 13063  13093  13099  13103  13109 
 13121  13127  13147  13151  13159 
 13163  13171  13177  13183  13187 
 13217  13219  13229  13241  13249 
 13259  13267  13291  13297  13309 
 13313  13327  13331  13337  13339 
 13367  13381  13397  13399  13411 
 13417  13421  13441  13451  13457 
 13463  13469  13477  13487  13499 
 13513  13523  13537  13553  13567 
 13577  13591  13597  13613  13619 
 13627  13633  13649  13669  13679 
 13681  13687  13691  13693  13697 
 13709  13711  13721  13723  13729 
 13751  13757  13759  13763  13781 
 13789  13799  13807  13829  13831 
 13841  13859  13873  13877  13879 
 13883  13901  13903  13907  13913 
 13921  13931  13933  13963  13967 
 13997  13999  14009  14011  14029 
 14033  14051  14057  14071  14081 
 14083  14087  14107  14143  14149 
 14153  14159  14173  14177  14197 
 14207  14221  14243  14249  14251 
 14281  14293  14303  14321  14323 
 14327  14341  14347  14369  14387 
 14389  14401  14407  14411  14419 
 14423  14431  14437  14447  14449 
 14461  14479  14489  14503  14519 
 14533  14537  14543  14549  14551 
 14557  14561  14563  14591  14593 
 14621  14627  14629  14633  14639 
 14653  14657  14669  14683  14699 
 14713  14717  14723  14731  14737 
 14741  14747  14753  14759  14767 
 14771  14779  14783  14797  14813 
 14821  14827  14831  14843  14851 
 14867  14869  14879  14887  14891 
 14897  14923  14929  14939  14947 
 14951  14957  14969  14983  15013 
 15017  15031  15053  15061  15073 
 15077  15083  15091  15101  15107 
 15121  15131  15137  15139  15149 
 15161  15173  15187  15193  15199 
 15217  15227  15233  15241  15259 
 15263  15269  15271  15277  15287 
 15289  15299  15307  15313  15319 
 15329  15331  15349  15359  15361 
 15373  15377  15383  15391  15401 
 15413  15427  15439  15443  15451 
 15461  15467  15473  15493  15497 
 15511  15527  15541  15551  15559 
 15569  15581  15583  15601  15607 
 15619  15629  15641  15643  15647 
 15649  15661  15667  15671  15679 
 15683  15727  15731  15733  15737 
 15739  15749  15761  15767  15773 
 15787  15791  15797  15803  15809 
 15817  15823  15859  15877  15881 
 15887  15889  15901  15907  15913 
 15919  15923  15937  15959  15971 
 15973  15991  16001  16007  16033 
 16057  16061  16063  16067  16069 
 16073  16087  16091  16097  16103 
 16111  16127  16139  16141  16183 
 16187  16189  16193  16217  16223 
 16229  16231  16249  16253  16267 
 16273  16301  16319  16333  16339 
 16349  16361  16363  16369  16381 
 16411  16417  16421  16427  16433 
 16447  16451  16453  16477  16481 
 16487  16493  16519  16529  16547 
 16553  16561  16567  16573  16603 
 16607  16619  16631  16633  16649 
 16651  16657  16661  16673  16691 
 16693  16699  16703  16729  16741 
 16747  16759  16763  16787  16811 
 16823  16829  16831  16843  16871 
 16879  16883  16889  16901  16903 
 16921  16927  16931  16937  16943 
 16963  16979  16981  16987  16993 
 17011  17021  17027  17029  17033 
 17041  17047  17053  17077  17093 
 17099  17107  17117  17123  17137 
 17159  17167  17183  17189  17191 
 17203  17207  17209  17231  17239 
 17257  17291  17293  17299  17317 

---a^-1 mod p_i---
     1      1      4      4      4 
     8      5      9     22      2 
    15     33      8     13      8 
    22     58     52     17     18 
    29      1     68     61     62 
    52     11     32     71     66 
    81    104     34     39     28 
   142    152    133    152     43 
   131     82      3     53    147 
    96     32     50    205     87 
   124    134     25     12    153 
    39     19    107     42    215 
    56    152    109    221    200 
   222    195    254    210    347 
    27    291    199     59    194 
   206     42    375    346    390 
   387    403    295    226    267 
   150    366    129    290    413 
   444    191    423     51    160 
   137    221    280    171    310 
   406     37      9      9    483 
   248    209    327    192    161 
    31    510     94    319    128 
   299    284    405     83    268 
   401    473    440    492    335 
   111    521    682    454    278 
   475    251    236    405    190 
   137    454    108    391    657 
   394    452    587    308      8 
   324    447    354    740    542 
   739    793    789    717    165 
    49     67    357    138    669 
   859    797    225    620    215 
   141    879     53    704    811 
   877    843    102    373    693 
   520    595    751    255   1056 
   154    596    277    506   1066 
   786    174    441    581    468 
   873    583    619   1034    938 
   216    965    977    475    941 
  1040    653    131    721    940 
   684   1170    850    687    885 
   215    732    896    345    214 
  1205    677    818   1037    814 
   144    164    614    982    333 
  1183    673    921    438    960 
   102    865    931    317   1459 
  1111    704    666    124    574 
  1089    152    978    484   1394 
   828    609   1408   1423    802 
   482   1043   1031   1045    322 
   287     25   1159    987   1261 
  1457   1393   1399    226   1619 
  1606   1625    424    806    973 
  1739    445    612   1614   1750 
   239    303   1046   1354    762 
   877   1471   1644   1367    411 
   651   1243   1182   1096    787 
  1738   1339   1650   1305    496 
   429    929    517    679   1447 
  1450      0      0      0      0 
  1748    372   1421   1393    741 
   194    909    562    835   1998 
   386    279    179   2002   1544 
  1428   1403    707   1501    432 
  1287   1636   1557   1201   1764 
   208   1459   1511   1103   2247 
    92    610    322   1518   1844 
  1950   1591    269   1234   1380 
   718    104   2076   1984   1729 
  1940   1522   1640    373    171 
   380   1852     50    772   1484 
  2334   1568    830   1507   2326 
    31   2108    133   1503    191 
   510    849   2177    603    403 
  2447    522    770    281   1606 
   988    767   2151     78    373 
  2429   2435   1281    367     32 
   285   1414   1133   2670   2259 
   531    623   1434   1989   1475 
   518   1677    105   2486   2367 
  1712   2296   1250   2203    904 
   943   2816   1338    793     47 
  1765   2243   1247    366   2748 
  2443   1834    705    318    154 
  2703   2535   2655   2262    858 
  1956   2530   2847   2024   1229 
  2194    900    105    405   1537 
  2625   2506    105    516   1883 
   854    728    162   2394   2512 
    49    157    936   2945   1875 
   428   2450    575    994   2450 
  1232   2663   1133   3067   1156 
  1708    816   1062    376   3086 
  2612   1825    848   1200    883 
  1825    891   1453   1576    834 
  3088    480   1322   3394   2061 
  2155   3090   1671   1617    436 
   178   1978   2631   2305   1535 
  1816   2887   3323    481   2345 
  2018   1485    110   1270   2898 
   525    875    407   3162    546 
  2653   2187   1452   1631   1625 
  1978   2372   2783   1324   2831 
  1085   1678   3698   1859    161 
  2530   3377   3706    900   3775 
  2621   2972   2849   1132    661 
  3764   1514   3479     14   2126 
   297   3475   3822   2232   2957 
  1848   1189   2724   3327    569 
  3600    785    121    795   1946 
  3225   2077   1631   1005   3103 
  1632   2152   3071   3351   3251 
  1737   3860   1421    961   3392 
  2150   1393   3081    836   2868 
  3945   3739    603   2809    563 
  2058    610   3320   1736   3226 
   933    275   1040   1348   1726 
  3193    212   2401   2217    503 
  2610      7   4245   1855   4314 
  2139   2307   1926   1931    583 
  3686    223   1033    826   2383 
  1529   2376   3392   1510    556 
  1268   3060   2975   1084   4011 
  4149   2067   1874     72   4470 
  1904   2500   1705     64     25 
  1835    678   2839   1114   1718 
  3303   1361   2170   2213   1854 
  3606   4686    132   3726   1490 
  2162   2583    448   3256   3145 
  1681    499   1445   2335     49 
  2128   1699    576   3138   4490 
  3474   1015   4085   4831   2632 
  4831    223   3106    538   3553 
  3630   1922    834   1418   2244 
  1243   2695   2383   3717   2288 
  2429   4635    503   3236   3972 
  3846   3192    303   4665   2676 
  2634   1804   1813    155   4753 
   118   1208     25    243   2858 
  3941   4904   3296   4657    719 
  3412   2333    164   4183   4413 
  1146    727   4560   3851   3056 
  1987   1722   2375   4980    456 
  1594    621   5035   4502   4667 
   877   1472   5182    122   4708 
  3843   3081    645   4849   4573 
  1789   4019   1758    939   3847 
  3127   1417    422   2362   2126 
  3452   4283   4856   1590     56 
   457   5223   2608   2275   1742 
   140   3316   4391   5426   1560 
  1298   4690   5419   2468    588 
  2631   1834   1793   2018   1645 
  3923   3361   1337   3056   4871 
  1895   2750   2391   3427   2371 
  1769   1620   4265    561   4982 
  1219   5971   5605   2982    504 
   365   4647   4469   4131   5027 
   607   1734   1135   2810   4802 
  1614   3370   3673   3180   1382 
  1943   3285   4319   1247   5839 
  4046   4271   6239   5421   3242 
  5133   5127    827   1458   2779 
  3701   3597   2692   6177    247 
  2689   3334   5639   5439    333 
  2082   5484   5552   1983   3382 
  4213   3590    555   3877   2264 
  5116   1215   3434   4070   1178 
  3568   3775   3264   4099    349 
  3976   4829   2538    334   5494 
  6009   4702   3105   5058   4292 
    20   1491   5185   5674   1385 
  3259   4769   5818   5797   2391 
  1550   2133   4937    295   1402 
   685   6529   3068   4093   4516 
  3124   6650   1195   3575   2885 
  2484    883   5454    264   1009 
  6586   3514   5648   3038   4283 
  3645   6725    382   3098   2414 
  1856   4661   1481   5344   4150 
  1176   1115   6400    806   3532 
  5902   3196   2939   5400   3187 
  5481   2818   6886   1059   6024 
   798   5124   5864   5648   5447 
  5424   3352   6955   6624   5768 
  5020   3411   5532   4074     84 
  6007   7112   6929   1411   3408 
  3376   3882   4531   5585   3376 
  6363   2856    530   6040   5919 
  1604   6648   3473   4995   7008 
  3071   2393   3523    426   1197 
  6750   5463   4189   4634    476 
  6181   4054   6284   1620   2775 
  3969   7074   4565   5579   5517 
  4339   2574   1597   4905   7449 
  4240   5377    885   2681   4407 
  4491    325   3099   4776   4621 
   952   7159   4024   6187   5819 
  5366   3895   1229    491   5191 
  5128   4999   1504    144   2682 
  4372   3724   2649   6501   2207 
  7182   4456    471   2633   5421 
  6114   2018     59   3558   4924 
  4239   6111   6658    809   7619 
  4924   7080   7554    136   2427 
  7212   6214   6686   6315   7340 
  8181   1779    551   3267   2035 
  7711   6073   7905   2274   5780 
  6272   1340   1332   7819   2886 
   736   6489    661   2911   1465 
  8229   7096   7303   4363    956 
   367   4689    917   3950    337 
  6708   4498   7372    836   3117 
  3595   4761   4659   7931   1259 
  6010   7544   6858    180   6349 
  1629   7193   3633   2469   3822 
   140   6876   1435   7818   5411 
  2378    956   2073    175   1463 
  7520   3023   3471   4919   3463 
  8373   6797    239   8604    375 
  2632   2186   5983   8524   5576 
  7301   2012    727   5116   1240 
   251   5631   6117   8264   3507 
  7527   7311   1349   4137   8905 
  6606   2242   7822   1518   5538 
  6921   7618   2197   7520   7060 
  5588   6875   1620   6197   3385 
  6479   7704   3625   4776   4562 
  7287   5896   5709   3310   2734 
  1397   8287   4317   2820   2435 
  5132   4541   1744   8599   4730 
  5721   8479   2310   5847   5082 
  2936   2448   5591    318   3864 
  4529   5496   7253   2026   1658 
  6326   4998   6867   6266   8729 
  2839   5104    739   5456   3385 
  9013   3916   2293   7332   2196 
  2068   1400   4015   6463   4585 
  2242   7601   9629   1099   2609 
  5733   7542   1059   2910   5322 
  8162   1436   3409   4351   7890 
  5496   1777   4293   1774   2419 
  3279   4239   1243   6523    855 
  2726   4856   1590     93   1882 
  2054   5237   2986   1592   8498 
  8162   6319   2241   2094   1251 
  1135   6898   9725   8897   6579 
  8943   4531   8166   1060    168 
  2303   4064   1120    538   2337 
  2155   2689    309   1209   3938 
  8794   1159    792   4595   5999 
  2190   8212   2299    799   8686 
  3690   9827   4831   4159  10229 
  3648   3030  10048   6448   9129 
  2973   4567   4065    640  10227 
  5852   2612  10162   3692   2862 
  9596   2852  10073   7625   8822 
  9755   3619   7751    794  10437 
  9371   5795   8994   9283   7482 
  2895   7774   6891   5325   7833 
  4055   5296   7533  10572   5894 
  5022   2703  10646    891   3885 
  5943   6409   8201   6512   8175 
   217   1236    938    585   6384 
  4438   1863   1365   6172   9615 
  3853   2160   1812   5164   3349 
  2488   1654   9829   1802   5641 
  3435   9808   1219   6039   7907 
 10144  10750   6581   2816   4607 
 10695   8309  10749   8720   2368 
  5634   1756   5097   4234    390 
  1899   4095   6292    368   7322 
 11099   4101   2101   8012   7665 
  9377  10727   3011   9148   4575 
  3845   1558   5410   2488   6530 
  3013   8642    342   5485   7994 
  9396   9880   4740   2098   7169 
  4974   1791   4678   6515   4508 
  2412    526   7078   6846   9719 
  7281   3502   3202  10111   4494 
  9101   7392   7304   7617   3044 
  4669   2407   3612   6386   1926 
  7775   4939   9091   1270    920 
  9405   8213    147   6854   3236 
 10925   5354   4773   3921  11546 
  9175  11596   1174  10859   2713 
 11618   3084   1194   9495   6509 
 11751   7817  10421   8341   7348 
  2377  11910   6678   9415   5028 
  7953   8084   6705   2894      5 
  2190   1693  10477   1422   7123 
 11565    666   7031  10321   8287 
 10111   1204   8665   1680   6112 
  4664   4981   8467  10689   5128 
  1645   4422   4458  11167   8443 
 11472   2977   3819  10882   8019 
  6539    398   3291  11667  11054 
  2223   3994   3263   8196  12164 
  2274   7297   5391   7439   2451 
  9904  12573   4106  11419   3588 
  6382   1309   7974   7102  11364 
 12400   4074   4625   8583   2740 
 12332  10883   5243   2425   6627 
  3219   7163   6636   8018   8177 
  6894   8234   7849   2236   8350 
 11105   5872   8526  11566   9056 
   524  11443   4852  12805  12510 
  9989   4511   1107   3018  11254 
  9873   7509   1261   2478   9591 
  7899  11845   3389  11672   3463 
  8478  11369   3134   5202   9745 
  3700   3808  10913  12098    925 
  8341   9984   1439   6387   8287 
  1462   1594   7460  10286   8192 
 12820    365   7766    206   8023 
   738   1927  11048  10570   3350 
   498    763  11089   6073   1725 
 13319  13112   7752  11079   4858 
  7619   2535  12606   1215   8572 
  6571  10593  12275  11663  11507 
  1890   8615   2179   3499   1065 
  7119   5598  11563   9052   6271 
  7819   5846   5289  10694   4815 
  7950   7645   3454   8283   9569 
 11905   5912   8006   1570   1265 
 10240  10549   1212   9614   1008 
  7646   9848   9026    254   7624 
 11122   7215   2120  10942   8825 
  3215   9151   6572  13836   1341 
  3421  11481   3645    806   5928 
  4607  13639  13460   3165  10384 
  6966   1546   1349  10148   5363 
 13842   3296  12829   4858  11511 
  3007  12824   3971  13023   4083 
  3247  14160  12422   3926  11539 
 10129  10145    849   4779  13279 
  1874   3662   1146   1249   3970 
  5771  13224   3140   3354    500 
  6334  10633   9253   9247   5311 
   873   9999   6926   1406   8176 
  2472   7563   8531   4543   5674 
  3544   3003  10755  10571  12178 
  2049   1615  11635   1995   8802 
  6110   2840   8803   8411  11327 
 11510   5665  10677   1974  10728 
  3815    937  13917   4820   3914 
   335   1732   8139   2582   8609 
  1649   4221    691  12521   6059 
  5894   4686  14120  12130   4560 
  8923   2142  11170    936   5198 
  9840    475  11168    457  12318 
  3885   7520   2971   6591   1450 
 12382   1821   4865  10377   6600 
  1541   2890  12064   4798   4505 
 13294  13775  11688   6383   8128 
 12325  14317   8799   8375  11040 
  9609   2131    128  12753   4021 
  5600   3264   6183    468  10401 
  9300   4804   3881  13566   3364 
 12681   5020   4468   7903   1833 
  2072   6112   8881   8865   2936 
  2258   1905  11629    635   6021 
  4147   8797   8854    291    672 
  6199  14455   8140  11184  11671 
 14788  12103   5499   7865   5936 
 11839   4534   4986  15259  14917 
 14960   1060   1954  12347  11991 
 10693   3900    319   1733  13315 
  6129   7189   9413  13698   6547 
  4877  13643   9037   7199  11689 
 15152  11435    838   6122   6308 
  4641  15132  14823  14250   4659 
 10386   8899   2421   8711  15970 
 14207   3670   3277  13119  10722 
  4339   8594   9994   9659   2824 
  7255  15906   7004  13610   6722 
  9804  11602   6467  12538  15372 
 11112   8870   1348   5042  16237 
  6062   7823   8295   6703   3587 
  9082   7489  12845  10443  12522 
 11053   1360   5958   6911   1632 
 16254  12065   9876  12161   9630 
   295   2505  13207  13174  12157 
 11527    451  12088  12164  12229 
 12002  10693  12438  10069   4245 
  8178    229    954   1985  16356 
  9075   8496  15402  15856   4708 
   259   7580  15643  15895   8658 
  2134   4321  16066  15146  10720 
  5990  11918   5974  13921   9005 
  2159   8184  12626  15753   8856 
 13733   9733   3885  15163   1052 
  2034   1690  14222   8497  15306 
  8831  15739  16612   9592  15242 
   415  10982  14072   3910  16957 
  3647   3726   7669   9661   6763 
  4469   5968   9903   4965   3274 

---sqrt(N) mod p_i---
     1      1      3      4      3 
    11      7      6      8     23 
     7     10     33     41     25 
    12      3     31     33     15 
    64     32     16     33     69 
    18     49     27      5    108 
    38     25      1    124    114 
    42    112     64     22    149 
     5    153     80    117     18 
    80    109     78    181    141 
    76    196     71     68    102 
    64    158    259    212     98 
   179    135    227     28    248 
    28    328    221    323    127 
   290    240    209    177     67 
   278     61    129    245    319 
    66    262     66    371    146 
   398    236    452    106    272 
   206    245     78    470    412 
   276    449     28    394    104 
   115    481     57    277     51 
   252     40    137     98    349 
   494    406    463     34    410 
   516    260    365    641    391 
   659    592    299    136     37 
   450    561    521      1    257 
   376    587    191    449    423 
    54    422    694    661      8 
    44    543    211    205      9 
    18    825    347    110      1 
   672    852    487    494     53 
   452    207    503    650    569 
   127    284    622    459     61 
   733    559     66    738     58 
   921     58    264   1011    687 
   495    219    984    874    636 
   311    769    104    640    400 
  1038    449   1093    441    384 
   627    281    677    335    622 
  1155    355      9    712    867 
   281    512   1079    453   1017 
   842    899    132    744    185 
   234    193    672   1123    497 
   720     84    894   1177     52 
   705    691   1199    996   1008 
   677    728    592   1018    605 
   150    904     19   1394    951 
    24    568    321   1431    737 
  1272    716    899    226   1498 
  1464    446   1494    657    871 
  1244   1458   1118   1177    267 
  1441   1441   1063   1278    740 
  1586      1    889    912    621 
   955    309    582   1503    623 
  1640    116   1075   1700    459 
   484   1389   1725    350   1541 
   813    568   1809     69   1343 
   874   1833    987   1364   1592 
  1565   1131    682   1687    278 
    33    217    250   1509   1795 
  1283   1440   1992   1550    419 
  1951    513   1831   1060   1727 
   783   1137   1728    330   1788 
   889   2027   1007   1878    849 
   963    137   1976   1706    127 
   376   1307     29   1009   1442 
  1904   1451   1564   1600    413 
  1501     72   1966    295   1162 
   994   1596    962   1217    866 
  2025   2068   1527   1189   1562 
   182    717    400    764    723 
    71    252    515    603   1049 
    11    370    755   1095    930 
  2191    664    748    232   2507 
  1713   1475   1462   2198   1935 
  2375    208    779   2293   2143 
  2297   1726   1838   2473    567 
  1452    682   1669    265   2441 
  2485   2177   2692   1002    662 
  2124   1879    716    592   2181 
   759    883   1321    725    726 
   308   2376   1198    356   2205 
  2104    479   1808   2522   2732 
   606     83   1182   1289    152 
    86   2642   2011   2644   2467 
  2109    264   2046   1102   1621 
  2121   1385   1450   2531   1152 
   957    787    802    256    186 
  1707   1680    635    184    239 
  2085   1437   2809   2069   2277 
  2586    922   2764   1960   2372 
   818   1690   1616    601   2825 
   459   2502   2848   1922   1061 
   167    440   2728    549   1935 
  3188    447   1752   1621    347 
  2849   1023    984   3167    247 
  2434   3431   1622   2769   2235 
  3363    752   1001   1261   3273 
  1795   1580   2863   2721    248 
  2393   3474   2318   3511   3442 
  1216   1147    798    831    201 
  1116   2732   2383   1708   3131 
  1561   2688   1202   2674    562 
   574   2163    847    471   1183 
  3654   2705   3149    776   2539 
  2585   1038   3130   3126   2372 
   828   1186   1489   1402   3570 
  1106   3829   1899   1205   2532 
   765   2603   1667   1055   1551 
  3149   3631    933   2591   1926 
  2841   2585   1540   2482   2408 
  1729     62   2714    986    825 
   133   3315    149     70    146 
  2816   3177   3570   3788   3261 
  3078   3890   2771   2021   3702 
  2462   2569   1767     46    429 
    59   1497   2796    487   1208 
  2125   1082   2195   2399    218 
  4091   3534   2119   3534   4062 
  4065   1345    741   2073   2473 
    23    890   3074    534   3654 
  1265   2924    289   2164   1922 
  2577   1534     48   3343   2391 
  2837   2954   2435   4527   4489 
  4578   2986   2266   4398   2258 
  1385   1547     53   1002   4056 
  2674   2280   3334    703   1800 
  4066   4501    394   3783      7 
  4393   2613   3542   2359   4030 
  1603   4211   1287   3000   4242 
   479   3453   3206   3622   1277 
  3264   1944   1887    616   3716 
   289   3964   4455    131   3892 
  4686   4795   2862   4823     71 
  2670    246   2683   2509   1826 
  3397    729   2374   1820    273 
  3267    473   3942   4927   4715 
  3709   4648    391    766   1822 
  2294   1021   1143   2504   4459 
  3521   2598   4830   1326   2475 
  3777    731    930   3465   2522 
  2766   2620   2669   1827   4514 
  4247   1458   3039   4636   5116 
  4236   4617   2373   1051   2477 
  4519   2460   5239   5175   1563 
  2011   4512    820   3624   4896 
  1772     74   1799     13    958 
  3308   3784   1434   2060   5137 
   446   3227   1929   5292   1522 
  1132   4219   4315    799   3944 
  5576   2348   5216   1548   3215 
  2343   1667    447    559   2697 
  5429   2937   1293   1980   4932 
  4900   3865   4960    655   5853 
  3083    900   4451   4824   5556 
  5042   3263   4635   1610   2282 
  4058   1432    312   2727   4371 
  4720   5816   4234   2129   5707 
  3498   1959   1020   1478   1783 
  1987   4394   2851   2668   4021 
  4448   3599   2706   1638   5595 
  2136   2424   4222   1335   4436 
  4488   6110   6146   4826   3757 
    23   4414   1609    644   2987 
  4956   2739    437   5760   1433 
  3690   5736   1502    741   3373 
  5602   3174   4449   4274    237 
  1821   4004   2543   2572   5143 
  4681    808   4313   1647    696 
   826   4620   4338   5133   1021 
  4797   4275     86   2675     62 
  2294   6211   4294   4433   2665 
  1186   5414   2991   3724   2647 
  3332   3454   4173   5046   5465 
  2937     84   3450   4765   1289 
  1351   4947   5119   1393   5344 
  1535     45   5650   1218   1964 
   390   5744   4659   2610   3380 
  2544   2388     80   6124   6573 
  2708   3410    364   2861   1265 
  6112   2261    164   3170   5413 
  2300   3467   1034   1858   1525 
  2252   6144   1301   1494   2243 
  3770   4825    483    289   1225 
  1656   6319   5851   5244   5980 
  3300   2312   6891   2754   2292 
  5097    448   5155   1262   2773 
  4468   4683   2564   4220   1063 
  6999   2348   1356   5469   5723 
  1423   1732    945   1704   4358 
  1488   7079   5041   1507   2446 
  4137   7211   2024   2008   2530 
  6523   1201   1688   2377   7477 
  5623    185   2171   1347   2434 
  6929   5656   2810   5015   7588 
  3277   1401   4800   5871   3011 
  5895   3886    360    507   5394 
  5467   7787   6420   4452   3542 
  3397    865   6584   1296   3223 
   631   5712   7722   4257   2530 
  4014   4762   6486   2968   7814 
  7817   1104   2046   5773   5431 
  1258   3658    229   5769    823 
  4890    953   6579   4691   3499 
   775   3057   5079   6448    638 
  7064   2009   3872   3666   2066 
  6384   5751   4364   3050   7910 
  5781   1505   4820   5997   4834 
  7099   3480   5080   5713   3801 
  2143   2648   8172   3939   2780 
  1745   4835   3873   4438   5000 
  2923   6425   2134   1521   3263 
  6392   5396   7635   6477    774 
  6082   4692   2866   3051   8519 
  1882   4274   4679   8544   3783 
  7578   7098   3151   6355   6031 
  3459   1255   5541   3789   6676 
  4949   5436   2894   6771   3939 
  6870   7891   3449    805   8697 
  6611   4804    188   5205   4933 
  5885   1773   3818   5851   3721 
  5564   3692   7999   3971   8377 
  5724   7667   4492   2362   8754 
  4771   6290   6984   3641   2043 
  4070     35   1283   8424   5499 
  8337   7088   5825    367    844 
   639   4683   6787   6592   6077 
  1928   2110   9154   8849   3565 
  8225   7553    773   3094     44 
  9031   1122   9271   6329   4828 
  3242   8362   5434    193   3975 
  1909   6359    479    965   8001 
  2273   8803    472   8768   8163 
  3050   2912   3060   1329   1915 
  1585   2598   8573   4536   1365 
  4659   2931   1111   8688   9208 
  8035   1027   7886   7604   4566 
  3786    211   7014   9517   2013 
  1328   3840   1865   6514   1603 
  1862   9515   6212   9135   9228 
  7778   6464   2584    695   5800 
  1382   8392   1640   4604   5820 
  9397   8592   3282   1051   3244 
  6343   6993   5282   8470    678 
  7069   1366   9549   6256   6071 
  2280   2144   5278   5016   3396 
  8006   7061   3261   2658   1764 
  1453   9275   8256   3942   5767 
  5052   1100   4123   9569   5010 
  6602   9435   5826   8080   8647 
  8026   5802   5555   5273   1694 
  1838   7830   5013   8637   8670 
  6262   5879   3334   9784   6370 
  8458   3092   8951   6606   7660 
  8820   3163    693   2588   4204 
  1790  10392   2759  10179   9778 
  1916   2611   9159   6410  10479 
  5470   7979    658   7067   1441 
  6026   4204   8616   8854    411 
  9735   4091   3122   7884   2596 
  9485   7157   8840   9657   8555 
  3788   3916   3416   5534   9582 
  4403    315   3848   8042  10376 
  1403   3252   7478   1775   2694 
  6075   4062    602   5405   4096 
  9843   7124   9909   7601   7464 
  5507   8072   9260   4664   7468 
  7829   6979   1529   2569   4203 
  6789   2991   4177  10552  10308 
  8345   2104   2197   6500   5290 
  1553  10674   4900   4031   8098 
  9769   6853    529   1271   6408 
 10477   5053   4063   5014   2944 
  5905   7519    787   9640   9293 
  9700   5268   5611   8448   1248 
  6547   6133   8798   3836    491 
  3258   1144   6664   4234   2402 
  2692   2874   1785   9661   8057 
  8986   7252   8918   7512   1123 
 10028   1934    805  10345  10269 
  2212  10865    144   2085    495 
  4939   8213   1776   1535   5730 
  5625   6746   5767   8053   2788 
  3613   6986   5040   6688   8263 
  5805   7584   2868  11147   2919 
  5719   8315    836  11476   6704 
  6088   5876   1605   2617   9300 
 11837   9992  10843  11029    660 
  4193   3131   4151    999   5232 
 10198   3856   8429   9589   4485 
 10553   8656   9248   3414   5663 
  1941   1529   9497    430   5947 
  6819  11438   6470   5525   2819 
  3796  11395  11626   9040   5158 
 12194   2913   4556  11068   4433 
  4630   2574   7881   3423   1374 
  5548   8376    561  11455   9241 
  5445   5573   6847  11552   4001 
   133  10309   8383   4916   7142 
  4174   2181   1237   1099   9671 
  4687   4355  12521   8006   2559 
  2941  11624   6706    222   2193 
  5665   6993   9510    683   7971 
  7639  11209  12704   9928    928 
   502   3781   8037   3191  11670 
  9819   7868   2692   6308  11586 
  4793  11305   3771  12023   5969 
   527   4332   1048   2301    266 
  4825   5604   7607   7215   3255 
  3251  11209   5277   2913  12977 
  5453   6963   2962   9363   2511 
  9404    737   4425   5476  11059 
  2563   9992    387   9728  10487 
  5923    321   5725  11835   7374 
  2171   7170   4828   6662   3755 
   377  10466   3147   1185   7981 
  7453  12895  10090  12826   5044 
  1075   8818   5091    591   1769 
  9344   8031  10800  10932   3244 
  9135   2834   3416  11224   5380 
  4882   3794   9782  10055   2869 
  1827    676   7793   3554   6101 
  3028    401   2202   5215   9438 
  2032  12208    484   7952   9164 
 12484   2125   4480   2364   8560 
  7663     81  10977  10443   3955 
  7082   3358   3574   9499   9193 
  7198    879   6874  11807  12913 
  4016   5009  11579    201   9636 
 11323   7359  13287   1235  13624 
   207   5362   8067   5340  11044 
 13113  13169    727  10089   8479 
 13985  11408   9952  13778   5636 
  8677   4642   3436  10689   5056 
 10051   3487   9400    454   4659 
 11368   9623  12926   2163  11002 
  3007  13974   6909   3090  13245 
  2861   9215   4619  13339   5309 
  1977   2101    278   2137  13211 
  6591   9357   8041   2967  10939 
  2572   4756   5053  11235    961 
  7799   5233   7812  13776   6300 
  5314   9959   8411  13301   3458 
  9832   9137    778   2224  14054 
 13387   3137   8957   6732  13238 
 11406   6373   9565  12067   1180 
  6018  11883  12879   5670   1978 
  4755  10642    418  12557  11017 
  4928   4082  10104   5914   5589 
 14486  13732   6998   3389  12634 
 13387    753   3300  13376  12360 
  5941   3667  13820   1849  14325 
  9636   5534  14614   7761  13277 
   851   4839   2234    164   1954 
 10817   9014   6315   8193   4983 
  9076   7685   4657  14603  14226 
  9972   8975  12577   1001   7625 
 13621    540   6504   1265   8111 
  4670   2141   6163    750   3600 
 14270  12789   7488    737  14181 
  5011   6995   1211   4807   8482 
 15459   6341  14445   8874   2551 
 13922   7297   1671   2754   7624 
 14025   2818  14730  12744  14436 
 11910   5758   6740    312   7109 
  9336   2728  14670  13638   3584 
  7438   2178   3539  10531   6753 
  5759  14822   1163  14399  11268 
 15067    393   6323  12808   6862 
  7696  12700   5417   9576    999 
 10283   6771   4299   6038   8909 
  8552   8128  10353  15260   6356 
  3516   2599   7266   9111   8536 
 13104  13459   1743   8394   2624 
  7521   5074   5248  10124   6656 
  5624   8768   8459   6352    508 
 13735   8685   2544   4674   8093 
 15446   2407    208  12735   4242 
 10672   6110   9231   1597  11187 
   917   2207  12548  16118   3208 
 10616   1256  15684   2171  15119 
  4044  14466   9082  12997  16076 
  9142  14763  14276   7955   6036 
 11127  13806   1542   7058   5805 
  6997   1742   5575   3437  10556 
  5630   8784  11592   6639   4424 
 11001   7272  14696   6037    572 
 11808   6828  14699    193   8355 
 13126  13493  13933  14616   9639 
  9580   7785  10747   9030   4901 
 11230   7029   2405   2119  11105 
  2996   1342  10213  14809  14790 
 16499   5468    364   7965   6970 
 12326   6895  12226  14276   5319 
 16131  15962   4510  14679   8237 
  7631  16348   4214  16929    825 
  2877   6561  11812    786   7266 
 13051   1640   7002  16749   2284 

 sieve jumps <sol1_p,sol2_p> 
 <    0,    0>  <    0,    1>  <    2,    3>  <    3,    6>  <    5,    3> 
 <    1,    7>  <   10,    8>  <   14,    1>  <   19,   12>  <   14,    9> 
 <    7,   14>  <    3,    9>  <    9,   14>  <   13,   22>  <   36,   12> 
 <    3,    5>  <   14,   20>  <    3,   12>  <   22,   39>  <   65,   22> 
 <   17,   28>  <   45,   60>  <   65,   47>  <   10,   78>  <   13,   90> 
 <   13,   60>  <   69,   21>  <   20,    4>  <   52,  105>  <   95,   77> 
 <   45,  112>  <   46,   86>  <   50,  119>  <  111,   30>  <  132,    6> 
 <  120,  121>  <   50,   71>  <   42,  133>  <  129,  121>  <  165,  153> 
 <  138,   81>  <   42,  109>  <  148,   50>  <   86,   36>  <   27,   54> 
 <  193,  156>  <  118,  105>  <   75,   80>  <   58,   77>  <  130,   99> 
 <   16,   41>  <    0,   52>  <  100,  165>  <  136,   10>  <   34,  176> 
 <  240,  245>  <    4,  187>  <  218,   76>  <   63,  260>  <  234,  244> 
 <  206,  251>  <  109,   89>  <  138,   79>  <   89,  153>  <  249,  270> 
 <  145,   76>  <   98,  275>  <  313,  266>  <  135,  152>  <  151,  310> 
 <  218,   90>  <  312,  283>  <  233,  360>  <  333,  335>  <  319,   95> 
 <  204,  185>  <   56,  378>  <  283,    4>  <  319,    1>  <  157,    9> 
 <  219,  253>  <  180,  350>  <  303,  153>  <  103,  415>  <  119,  297> 
 <   53,  263>  <  117,  230>  <  164,   83>  <  222,   55>  <  430,  313> 
 <   89,  225>  <   58,  352>  <  238,  482>  <  220,  398>  <  299,  195> 
 <  384,  210>  <  256,  308>  <  456,  406>  <  305,  491>  <  264,  163> 
 <  168,  325>  <  464,  518>  <  263,  363>  <  128,  263>  <  402,  242> 
 <  136,  353>  <  542,  258>  <  290,  235>  <   94,  199>  <  361,  370> 
 <  119,  448>  <   68,  336>  <  572,  525>  <  418,  391>  <  554,  340> 
 <  241,  635>  <  374,  584>  <  387,  416>  <  345,  378>  <   95,   81> 
 <  348,  630>  <  320,  224>  <  493,   49>  <   93,  137>  <  369,  455> 
 <  641,  283>  <  271,  634>  <  460,  188>  <  310,  129>  <  610,  653> 
 <  525,  262>  <  740,  294>  <  527,  495>  <  433,  103>  <  718,  549> 
 <  416,  231>  <  606,   65>  <  302,  715>  <   19,  370>  <    3,    8> 
 <  717,  107>  <  295,  381>  <   17,   26>  <  112,  363>  <  349,  205> 
 <  464,  546>  <  636,   78>  <  688,  114>  <  580,  131>  <  482,  261> 
 <   34,  459>  <  207,  389>  <  321,   45>  <  552,  869>  <  140,  790> 
 <    4,  347>  <  328,  160>  <  225,  606>  <  293,  797>  <  327,  274> 
 <  518,  142>  <  734,  713>  <  955,  518>  <  747,  593>  <   19,  168> 
 <  823,  547>  <   89,  439>  <  533,  516>  <  910,   67>  <  604,  737> 
 <  923,  604>  <  335,  563>  <  917,  673>  <  630,  514>  < 1009,  551> 
 <  767, 1026>  <  370,  408>  <  557,  562>  <    3,  723>  <  628,   60> 
 < 1063,  931>  <  447,  239>  <   14,  327>  < 1033,  583>  <  130, 1052> 
 <  767,  370>  < 1002,   13>  <  268,  899>  <  666,  790>  <  303, 1142> 
 <   17,  625>  <  619,  939>  <  532,  842>  <   46,  513>  <   69,   18> 
 <  679,  393>  <  343,  964>  <  208,  817>  <  487,  739>  < 1132,  920> 
 < 1072,  367>  <  691,  452>  <   45,  620>  <  417,  418>  <  674, 1135> 
 <  715,  713>  <  709, 1004>  <  619,  744>  < 1139, 1060>  <  151,  615> 
 <  985,  234>  <   61, 1127>  <  425,  173>  < 1039, 1220>  < 1231,  874> 
 < 1118,  391>  <  729, 1115>  <  219,  710>  < 1005,    2>  <  928,   25> 
 <  469,  436>  <    2, 1391>  <  979, 1012>  <  608, 1089>  < 1387,  749> 
 <  551,  678>  <  456,  740>  <  335,  633>  <  829,  413>  < 1141,  341> 
 <  471,  384>  <  129,  257>  <   64, 1461>  < 1162,   42>  <  860,  535> 
 <  376,  580>  <   90, 1428>  < 1138,  564>  <  927, 1302>  <  850,  934> 
 < 1048,  969>  <  922,  660>  <  894, 1470>  < 1477, 1118>  < 1276,  869> 
 <  899,  760>  < 1008, 1529>  < 1173, 1207>  <  496,  210>  <  666, 1371> 
 < 1095, 1226>  <  138,  650>  < 1187,  309>  <  995, 1226>  < 1000,   30> 
 <  749,  924>  < 1161,  435>  < 1213,  457>  <  239,   84>  <  303, 1462> 
 <  286,  159>  <  922, 1470>  <  951,  339>  <   98,  966>  <  136,  283> 
 < 1376,  611>  < 1699,  632>  <   75,  466>  < 1527, 1229>  <  352, 1094> 
 < 1631, 1227>  < 1271, 1104>  <  716, 1419>  < 1484,  205>  <  807,  715> 
 <  371,  809>  <  207,  150>  < 1273,  986>  < 1168,  694>  < 1646,  218> 
 <  950,  534>  < 1805,  621>  <  596, 1791>  < 1517,  832>  <  614,   65> 
 < 1259,  879>  < 1800,   98>  < 1191, 1034>  <  710,  311>  <  821, 1716> 
 < 1043, 1765>  <  536,   34>  < 1753,  841>  < 1621, 1231>  <  372, 1015> 
 <  486, 1407>  < 1922,  642>  < 1281, 1244>  < 1952,  995>  < 1343,  631> 
 <   29,  260>  <    0,    0>  <    0,    0>  <    0,    0>  <    0,    0> 
 < 1728,  509>  < 1127,  531>  < 1499,  153>  <  361, 1712>  < 1410,   34> 
 <  304, 1824>  < 1071,  936>  <   22, 1404>  < 1589,  401>  < 1663,  616> 
 <  155, 1128>  <  716, 1011>  <  784, 1259>  <  231,  886>  <  914,    1> 
 < 1452,  114>  <  831, 1069>  <  399,  340>  < 1469, 1827>  <  297,  372> 
 <  569,  873>  < 1445,  139>  <  469,  486>  < 1749, 1417>  <  336,  647> 
 < 1316, 2149>  <  931, 1554>  <  159,  280>  <  809, 1691>  < 1480,  282> 
 < 1720, 2110>  <  586, 1237>  < 2195, 2152>  < 1958,  490>  <  914, 1296> 
 < 1581,  151>  < 1688, 1883>  <  445,  105>  < 1163, 1907>  < 1147, 2312> 
 < 1041,  518>  < 2306,  565>  <  306, 1796>  < 1191, 1696>  <  331, 1179> 
 < 1970, 2368>  < 2310, 1848>  < 1064,  995>  < 2258, 1851>  <  877, 2067> 
 <  983, 2062>  < 2091, 1894>  < 1860,  991>  < 1709, 1222>  < 2025, 2148> 
 < 1663, 1492>  < 1987, 1142>  < 1603, 1167>  <  662,  310>  <  730, 1488> 
 <  841, 1014>  < 2379, 1965>  < 1551,  320>  < 1421, 2346>  < 1694,  738> 
 <  147, 2258>  < 2263,   25>  < 2187, 1492>  <  775,  476>  < 1297, 1457> 
 < 1848, 2151>  <  384,  876>  < 2512,  818>  <  781,  961>  < 2050, 1444> 
 < 1207, 1907>  < 1318, 2432>  < 1743, 1256>  <  381, 2515>  < 1323, 1122> 
 <  848, 1319>  < 1110, 2494>  < 1494,  685>  <  258, 1607>  <  400,   22> 
 < 2220,  184>  < 1714, 1356>  <  326, 2693>  < 2411,  763>  < 2017, 1334> 
 < 2076,  891>  <  684,  509>  <    9, 1458>  < 2546, 1692>  < 1775,  952> 
 < 1317, 1207>  <  763, 1409>  < 1283,  573>  <   18, 2641>  < 1842, 1006> 
 < 1078, 1484>  < 2270, 2775>  <  729, 2799>  <  838, 1982>  < 1442,  868> 
 < 1861, 2750>  < 2107, 2366>  < 1974, 2552>  < 2784, 2845>  < 2689,  154> 
 < 2696,  683>  < 1889,  942>  < 1452, 1171>  < 2484,  461>  < 2880,  649> 
 <  572, 2181>  < 2474, 1892>  <  289, 1042>  <  968,  492>  <  163, 2201> 
 <  302, 1240>  <   37,  833>  < 2861, 2172>  <  715,  605>  < 2199,  636> 
 <   57,  470>  < 2622, 1119>  < 2291, 2956>  <  749,  208>  < 2576, 1444> 
 < 2224, 2529>  < 1463, 2648>  < 1141, 1076>  < 1155, 2351>  < 1348, 2278> 
 < 1466, 1997>  < 1460, 1914>  < 1345, 1682>  <  426,  797>  < 1631,  405> 
 <  546, 2998>  < 3091, 1562>  < 1131, 3111>  < 2059, 1981>  < 1454,  682> 
 < 1259, 2791>  <  458, 1331>  < 1203, 3043>  <  211, 1793>  < 2183, 2188> 
 < 1539,  288>  < 2394,  550>  < 2996,  917>  < 1129,  192>  <  169, 3176> 
 < 2501, 2398>  <   33,  435>  <   99, 2674>  < 2120,  443>  < 3287,  742> 
 < 1413,  777>  < 2108,  932>  < 1020, 2060>  <  877,  825>  < 2768, 1583> 
 < 1872, 2586>  < 2958, 1397>  < 2453,  417>  < 2697,  974>  <  926, 1646> 
 < 2552, 2661>  <  434,  730>  < 1804,  913>  <  650,  776>  < 2751,  315> 
 <  580, 1303>  <    9,   44>  < 3130, 1242>  < 1783, 2502>  < 2871, 1781> 
 < 1754, 2751>  <  457, 1557>  <  413, 2940>  < 2492,  753>  < 2506, 2893> 
 < 1071, 2145>  < 2329, 1693>  < 3200, 3395>  < 3491, 1831>  < 2691, 2216> 
 < 1833,   71>  <   31, 2987>  <  370,  309>  < 2126, 2035>  < 2414,  354> 
 < 1752, 3527>  < 2572, 3415>  < 2504, 3001>  < 2300, 1655>  < 3416, 1806> 
 < 1088, 1196>  < 3344, 1081>  < 1680,  872>  < 3414,  275>  <  847, 2572> 
 < 2084, 3394>  < 1741, 2642>  < 1965,  707>  <  340, 3273>  <   36,  581> 
 < 1033,  247>  < 3030,  930>  < 3001, 2738>  < 3579, 2236>  < 3558, 2831> 
 < 3391, 3103>  < 3367, 3679>  <  565, 2434>  < 3756,  343>  < 1405, 1720> 
 < 1162,  181>  <  115, 2720>  < 1200, 1310>  < 2695,  532>  < 1645, 2072> 
 < 2474, 1203>  <  623, 3759>  < 1113, 3273>  < 1305,  401>  <  658, 1043> 
 < 3818, 2615>  < 2822,  840>  < 1682, 3245>  < 2183, 3444>  <  185, 1813> 
 <  564, 3741>  < 1440, 3213>  < 3052, 1173>  < 1676, 3679>  < 3865, 1537> 
 < 1012, 1999>  < 1596, 2248>  <  613, 1365>  < 2464, 2532>  < 3144, 1317> 
 <  606, 2519>  < 1367, 1959>  <  198,  169>  < 3707, 2106>  <  654, 1026> 
 < 2138,  321>  < 2216, 2396>  <    1, 2096>  < 2029, 1108>  < 1504, 1488> 
 < 3889, 1515>  <    9,  591>  < 1001, 2227>  < 2442, 3997>  < 2910,  487> 
 < 1719, 3115>  <  476,  797>  < 2467, 1480>  < 3588, 1265>  <  966, 1297> 
 < 2653, 2864>  < 3464, 3223>  < 3944, 1737>  < 2600, 2681>  < 3154,  336> 
 < 4036, 4199>  < 3503,  956>  < 3431, 3024>  < 2211, 1752>  < 2471, 1751> 
 < 1756,  649>  < 1790, 4183>  < 2631, 1536>  < 3098, 3057>  < 2092, 1445> 
 < 3104, 1342>  < 3242, 2089>  < 1986, 2064>  < 1153, 1261>  <  262, 3998> 
 < 2220, 3520>  < 3020,  869>  < 1656, 1173>  <  271, 4311>  < 2125, 2619> 
 <  495, 2827>  <  429, 3464>  < 2634, 3847>  < 3615, 3138>  < 1448, 3964> 
 < 2168, 1036>  < 4252, 2336>  <  994, 4093>  < 1445, 2545>  < 3348, 2391> 
 < 2311,  775>  < 3495, 2587>  < 3940, 2839>  < 1762, 4268>  <  784, 1759> 
 < 3292, 1062>  < 4020, 2947>  < 1681, 1273>  < 3570, 3156>  < 1379, 2111> 
 < 1839,  561>  <  392, 4187>  < 3866, 1352>  <  604,  551>  < 1370, 3826> 
 < 1988, 4269>  <  928, 4346>  < 3531, 3098>  < 2435, 2200>  <  688, 3666> 
 < 3947, 4410>  <  627,  865>  <  709, 1290>  < 1837, 3809>  < 3013,  464> 
 < 1229, 3264>  < 2238, 4084>  < 4641,  744>  < 3993, 4503>  < 1569, 1214> 
 < 3817, 1590>  < 2555, 2295>  < 4177, 1386>  < 4491, 1554>  < 2717,  516> 
 <  170, 3276>  < 3777, 3701>  < 3749, 2126>  < 2850, 4001>  <  954, 2812> 
 < 3056, 1440>  < 1608,  913>  <  323, 2291>  < 3236,  171>  < 3733, 3166> 
 < 4618, 3211>  < 3214,  917>  <   74, 1034>  <  662, 1862>  < 1939, 4271> 
 < 1912, 2798>  < 1961, 2466>  < 4906,  722>  <  158, 1614>  < 4747, 4250> 
 < 1526,  412>  < 3619, 2074>  < 4594, 1538>  < 2326, 3189>  < 1286,  985> 
 < 3143, 1203>  < 3648, 4501>  < 3939,  275>  < 3172, 2586>  < 1121, 1898> 
 < 4843,  464>  < 3434, 4889>  < 2716, 1183>  < 3939,  983>  < 4983, 3309> 
 <  838, 1168>  < 1301, 2834>  < 2813, 4962>  < 3184, 4007>  < 4022, 1089> 
 <  140, 2241>  < 1009, 3159>  < 1482, 3969>  <  443, 2680>  < 2580, 2343> 
 < 2245, 2438>  < 4809, 2951>  < 3535, 4271>  < 2827, 2369>  < 2353, 3066> 
 <  993, 1382>  < 3835, 4740>  < 4465, 1102>  <   34, 2617>  < 2603, 2142> 
 < 3673, 4764>  < 1045, 3440>  <  965, 1471>  < 3365, 2235>  < 2945, 3565> 
 < 2897, 1580>  < 2129, 4619>  < 1043,  751>  <  780, 1181>  <  805, 4455> 
 < 5079, 3382>  < 2773, 1095>  < 1712, 3844>  < 4404, 1762>  <  179, 1867> 
 < 3392, 3633>  < 5166, 1642>  < 2126, 2728>  < 1584, 4673>  < 1412, 4761> 
 < 5148, 2698>  < 1338, 2358>  <  638, 5226>  < 4956,   39>  < 1472, 1293> 
 <  101,  685>  < 1047, 4016>  < 3479, 1213>  < 5018, 2734>  < 3787, 5008> 
 < 2258, 1105>  < 3244, 4158>  <  262, 4590>  < 4552, 3336>  < 4153, 3767> 
 < 2120, 1056>  < 2539,   93>  < 1376, 3492>  <  684, 2559>  < 2463,  632> 
 <  613, 1641>  < 4459, 5117>  < 4761,  308>  < 4043, 3987>  < 4544, 4217> 
 < 2613, 5624>  < 4213, 1388>  < 3120, 2532>  <  569, 4380>  < 2068, 2132> 
 < 3288, 3039>  <  279,  200>  < 1127,  289>  < 5009, 1483>  < 2005, 4331> 
 < 2852, 3082>  < 3277, 4814>  <  599, 1146>  < 2367, 4003>  < 2777, 2408> 
 < 5204, 3866>  < 2539, 2322>  < 1588, 5754>  < 4718, 4817>  < 1863, 1546> 
 < 2546, 5292>  < 2511, 1859>  < 2288, 3897>  < 3220, 3399>  < 1415, 5075> 
 < 3972, 5196>  < 3191, 1489>  < 4954, 5203>  < 1868, 2940>  < 4324, 5770> 
 < 3980, 3109>  < 1647,  724>  < 4578, 4936>  <  239, 5015>  < 5089, 1380> 
 < 4216, 1316>  < 3452, 2072>  < 1319,  615>  <  743, 1877>  < 2238, 1852> 
 <  621, 2053>  < 2087, 3663>  < 4890, 1758>  < 2680,  549>  < 5182, 2233> 
 < 3901, 5902>  < 1432, 2445>  < 3286, 1868>  < 4882,  179>  < 4234, 1928> 
 < 5763,  363>  < 1020,  928>  < 5611, 1272>  < 5177, 2386>  < 4789, 4320> 
 < 3500, 1177>  < 3613, 4930>  < 2744,  871>  < 1778, 4044>  <   52, 1869> 
 < 5585, 3632>  < 3164, 5448>  < 5543, 2942>  < 2388, 4732>  < 3878,  813> 
 < 4205, 4170>  < 2696,  117>  < 4136, 5492>  < 1111, 3933>  < 2295,  954> 
 <   64, 4467>  < 3167, 5232>  < 5591, 1595>  < 1420, 5293>  <  142, 1088> 
 < 1629, 3809>  < 6042, 2056>  < 2891, 1006>  < 2080, 1278>  < 4745, 6134> 
 < 5447,  667>  < 3297, 1654>  < 1553,  901>  < 2312,  219>  < 5603, 1108> 
 <  103, 2530>  < 1838, 5603>  < 6161,  622>  < 4338, 3127>  < 4046, 5179> 
 < 2186,  638>  < 2607,  378>  < 5874, 3926>  <  852, 2218>  < 6154, 1915> 
 < 3110,  613>  < 3011, 3933>  < 4552,  909>  < 4293, 4932>  < 3281, 5631> 
 < 6312, 4910>  <  289, 3622>  < 5448, 2146>  < 4732, 2189>  < 5976, 2950> 
 < 2157, 3721>  < 3182, 3801>  <  477, 1358>  < 2713, 3393>  < 4512, 1522> 
 < 2255, 3111>  <  955, 2199>  < 4292, 3290>  < 2290, 5887>  < 3828, 4329> 
 < 3542, 4348>  < 6512, 4955>  <  716, 4271>  < 6185, 3809>  < 1194, 6551> 
 < 5446, 4759>  < 1694, 4392>  < 4391,  506>  <  407, 3662>  < 1072, 1964> 
 <  772, 6538>  < 6414, 5419>  <  529, 1897>  < 5890, 6674>  < 1168, 5564> 
 < 6014, 4312>  <   99, 1042>  < 2605, 5049>  < 3251, 3375>  < 5627, 5147> 
 < 5588, 5134>  <  249, 2487>  < 4774, 5617>  < 2839, 4171>  < 5301, 6605> 
 < 3677, 4079>  < 6541, 4600>  < 1246, 4130>  < 4795, 5987>  < 1282, 6152> 
 < 4709, 1312>  < 5995, 3621>  < 4815, 6149>  < 2530, 6650>  <    1, 6240> 
 < 5624, 1437>  < 1239,  210>  <   20, 1010>  < 3409,  530>  < 3741, 6717> 
 < 6212, 6764>  < 1715, 4013>  < 5829,   70>  < 6645, 2074>  < 4997, 5958> 
 < 1935, 4432>  < 6865, 3888>  <  393, 5955>  < 1909, 5143>  < 3609, 5646> 
 < 2027, 1451>  < 2619, 5681>  < 3389, 1357>  < 2341, 1662>  < 5417,  965> 
 < 4238, 2181>  < 4563, 4430>  < 5248, 5241>  < 1306, 6162>  < 3940, 1907> 
 < 3406, 5573>  < 6396, 6349>  <  758, 4044>  < 1220,  523>  < 4949, 6085> 
 < 6783, 3033>  < 6896,  885>  < 4547,  614>  < 3136, 1338>  < 5647, 7001> 
 < 2808, 6557>  <  117, 1802>  < 2780, 4618>  < 4520,   75>  < 3914,  433> 
 < 5745, 2786>  < 2438, 1344>  < 5559, 1229>  < 4250, 6867>  < 6001, 2116> 
 < 3575, 2119>  < 1621, 5391>  < 6791,  828>  < 2632, 3915>  < 6209, 1348> 
 < 5800, 2259>  < 5658, 1502>  < 3806, 2433>  < 5340, 4354>  < 3691, 7074> 
 < 7284,    3>  < 6744, 3442>  < 3426, 4984>  <  605, 3546>  < 6274, 1891> 
 < 2106, 3054>  < 3483, 1456>  <  577, 5356>  < 5057,  598>  < 4518, 7195> 
 < 2322, 6038>  < 2524, 3109>  < 4742, 3699>  < 2587,  105>  < 3231, 2772> 
 <  123, 6040>  < 4809, 6047>  < 5260, 5491>  < 7087,  329>  < 4123, 6377> 
 < 3590, 6293>  < 3704, 2303>  < 4822, 2874>  < 5397, 2986>  < 5577, 2058> 
 <  893, 2450>  < 4867, 2125>  < 4672,  211>  < 4035, 2750>  < 7314,  439> 
 < 6930, 2751>  < 7520, 1436>  < 4523, 2293>  < 6423, 3884>  < 4765, 2071> 
 < 6535, 2898>  < 1512, 5127>  <  926, 7225>  < 6014, 2430>  <   43, 4479> 
 < 3484,  746>  < 3356, 7256>  < 2731,  101>  < 2211, 2535>  < 7709, 5594> 
 < 1223, 2160>  < 4504, 3615>  < 7690, 3903>  < 7748,  472>  < 2751, 3751> 
 < 1602, 5650>  < 3027, 6082>  < 2237, 7664>  < 6656, 1178>  < 3294, 4157> 
 < 7000, 4327>  <   76, 3466>  < 4802, 4060>  < 6171, 1930>  < 6621, 2046> 
 < 5785,  366>  < 7143, 1355>  < 7938, 4407>  < 7141, 1654>  < 6090, 4486> 
 <  558, 2318>  <  785, 7286>  <  425, 2300>  < 1405, 1636>  < 5081, 3539> 
 < 3817, 4175>  < 4288,  255>  < 7016, 7622>  < 2608, 5673>  < 2471, 7958> 
 < 6449, 2652>  < 3377, 6523>  <   85, 4515>  < 7741, 4635>  < 1794, 6847> 
 < 6837,  288>  <  205, 7506>  <  655, 2601>  < 4638,  775>  < 3914, 2730> 
 <   23,  628>  <  734, 5310>  <  604,  700>  < 7638, 2350>  < 8101,  199> 
 < 3231, 1070>  < 8057, 3310>  < 1618, 1244>  < 6174, 2712>  < 2903, 3066> 
 < 4223, 7631>  < 8072, 4910>  < 2598, 5302>  <  272, 8173>  < 7668, 3583> 
 < 7544, 5706>  < 7196, 2380>  < 6240, 3801>  < 7030, 5029>  < 1596, 8154> 
 < 6252, 4646>  < 2095,  272>  < 2495, 3573>  < 2916, 8194>  < 7588, 2235> 
 < 2172, 3652>  < 2885, 4650>  < 2032, 3152>  < 8064, 3607>  < 3141, 4019> 
 <  912, 8360>  < 6106,  116>  < 1419,  163>  < 4574, 7052>  < 6157, 5360> 
 < 6238, 4319>  < 8542, 6337>  < 8482, 8495>  <  371, 4794>  < 7140, 3363> 
 < 3949, 7195>  < 1916, 8240>  < 1989,  955>  < 2504, 7746>  < 5228, 6050> 
 < 8598, 5819>  < 4734, 3205>  < 4255, 4846>  < 8293,  440>  < 5031, 6595> 
 < 4411, 2927>  <   57, 1369>  < 4418,  795>  < 6380, 7847>  <  478,  861> 
 < 8507, 8154>  < 6143, 6977>  < 8715, 6116>  < 2980, 6590>  < 5343, 7342> 
 <  100, 5172>  < 3425, 6005>  < 1311, 8470>  < 1058,  236>  < 2497, 8209> 
 <  639, 1084>  < 6702, 7204>  <  127,  243>  < 1952, 1067>  < 6552, 7733> 
 < 7744, 7758>  < 4800, 6591>  < 8349, 6239>  < 7718, 2392>  < 8756,  988> 
 < 5315, 4120>  < 7219, 4587>  < 2434, 1759>  < 7815,   85>  < 5394,  288> 
 < 2582, 6815>  < 1026, 4409>  <  834, 3696>  < 8517, 4781>  < 5548,  608> 
 < 1777, 1992>  < 4785, 6933>  < 4838,   74>  < 4710, 2029>  < 6944, 4832> 
 <  724, 1318>  < 4530, 7413>  < 1514, 2683>  <  447, 3715>  < 8647, 8784> 
 < 3500, 3437>  <  235, 6545>  < 2331, 4215>  < 4043,  397>  < 7514, 5204> 
 < 7161, 6186>  < 8344, 5152>  < 3911, 5001>  < 6391, 4645>  < 7943, 1793> 
 < 7537, 6881>  < 4298, 5997>  < 5169,  839>  < 1086,  986>  < 6525,  452> 
 < 7253, 7646>  < 5247, 2756>  <  361, 2479>  < 7536, 7729>  < 4258,   79> 
 < 6655, 8424>  <  308, 7194>  < 8618, 2910>  < 1991, 7726>  < 6746, 8094> 
 < 7700,  934>  < 1031, 3478>  <  594, 4603>  < 3564, 5835>  <  446, 7134> 
 < 4840, 8282>  < 3748,  393>  < 6843,  213>  < 8533, 8504>  < 7501, 9185> 
 < 8483, 4496>  < 1057,  525>  < 1598, 2454>  < 9286, 2690>  <  459, 3698> 
 <  290,   11>  < 2972, 5492>  < 5652, 2223>  < 2631, 6717>  < 3942, 5174> 
 < 2789, 7657>  < 9369, 2024>  < 5656, 4230>  < 7115, 4863>  < 5271,  414> 
 < 7737, 1179>  < 8787, 8756>  < 8788, 5958>  < 7225, 1844>  < 4690, 6405> 
 < 4558, 6865>  < 1806,  796>  < 5095, 1807>  < 3670, 4307>  < 1828, 5228> 
 <  542, 6406>  < 3498, 5414>  <  357, 3842>  < 9092, 4901>  < 3290, 3452> 
 < 3405, 7307>  < 5665, 2651>  < 4309, 2909>  < 3862, 3475>  <   78, 2969> 
 < 4761, 7471>  < 4541, 7660>  < 8791, 9266>  < 3321, 8177>  < 6811, 4258> 
 < 4744, 2219>  < 3581, 8549>  < 3189, 9215>  <  180, 8585>  < 4114, 8994> 
 < 8347, 3565>  < 8041, 1811>  < 6624, 6426>  < 7627, 8480>  < 5740, 6911> 
 < 3844, 6494>  < 4459, 7194>  < 8406,  699>  < 5166, 5199>  <  540, 8562> 
 < 7682, 6828>  < 8063, 3576>  < 4454, 1832>  < 4772, 6975>  < 6502, 3901> 
 < 2908, 7313>  < 7349, 6230>  < 9613, 8173>  < 1173, 9179>  < 6636, 6623> 
 < 8659, 6841>  < 2316,  953>  < 9162, 4600>  < 1479, 7281>  < 8204,  157> 
 <  155, 7733>  < 7541, 9590>  < 2176, 3158>  < 2970, 8793>  < 6086, 1904> 
 < 3607, 7929>  < 2603, 7687>  < 6875, 5758>  < 2853, 5255>  < 4759, 6459> 
 <  111, 1271>  < 9022,  157>  < 5999, 2948>  < 2244, 4103>  < 4446, 4492> 
 < 9698, 3131>  < 8854, 1306>  < 5460, 4512>  < 4525, 4940>  < 2793, 9759> 
 < 8604, 1401>  < 3332,  949>  < 7907, 5813>  < 4877, 2844>  <  793, 5478> 
 < 8594,  888>  < 4827, 2697>  < 7116, 6990>  < 6663, 6810>  < 8235,10263> 
 <10067, 1144>  < 6256, 1536>  < 7780, 5936>  < 2184, 7306>  < 3973, 2823> 
 < 6237, 7605>  < 8594, 5368>  <  320, 2968>  < 9309, 1756>  < 5700, 4213> 
 < 7088, 4409>  < 7082, 1214>  < 8406, 5818>  <   77, 6019>  < 1918, 8860> 
 < 4134, 8803>  < 7989, 6895>  < 8197, 9665>  < 4695, 4997>  < 3397, 1183> 
 < 5079, 2424>  <10102,  815>  <10460, 7194>  < 4879, 2931>  < 2876, 2792> 
 < 1028, 3606>  < 5090, 9741>  < 2490, 4951>  < 2495, 6458>  < 2155, 1353> 
 < 7649,10056>  < 4688,  123>  < 3488,  255>  < 2516, 7246>  <  823, 7526> 
 < 7400, 8993>  <10214, 9784>  < 6709,  815>  < 9800, 1498>  < 6766, 4987> 
 < 8120, 4420>  <  514, 1622>  <   11, 9618>  <  718, 1088>  < 2373, 2878> 
 < 7312, 5780>  < 4763, 3055>  < 6799, 8356>  < 5928, 6198>  < 5251, 5437> 
 <10720, 3324>  < 1463,  391>  <10620, 3823>  < 3725,  673>  < 5931, 9745> 
 <10402, 3253>  < 9951, 4917>  < 2559, 6279>  < 6757, 6047>  < 9808, 7012> 
 <  627, 3300>  < 6070, 5914>  <  215, 2695>  < 9059,  829>  < 6435, 7289> 
 < 9580, 8851>  < 9991, 7564>  < 9292, 4923>  < 1892, 9890>  < 1730,10400> 
 < 3327, 2846>  < 4498, 5652>  < 6187,10750>  < 6091, 3307>  < 8528, 6014> 
 <10598, 4114>  <  328, 4334>  < 5801, 7606>  <11032, 7065>  < 9237,  924> 
 < 5929,10265>  < 7114,  887>  < 2620, 4371>  < 8981, 6990>  < 6545, 7468> 
 < 4564, 7759>  < 2311, 1384>  < 1114, 4719>  < 5271, 7130>  <11103, 1322> 
 < 2020, 3693>  <10038,  118>  < 2736, 5066>  <10418,10294>  < 8010, 4169> 
 < 2487, 3102>  < 8567, 3929>  < 5328, 7422>  < 5147, 1870>  < 2182,10637> 
 < 5860, 7709>  < 5622, 5727>  < 7097, 1360>  < 6367, 4296>  < 4527, 8931> 
 < 3322, 3831>  < 3420,  154>  <  109, 9016>  <  360, 4045>  <10082,10567> 
 < 6596, 3922>  < 9748, 9191>  < 4312, 3538>  < 9163, 2929>  < 8030, 4616> 
 <10925, 2479>  < 5854, 8851>  < 4888, 9810>  < 2071, 2488>  < 2565, 9628> 
 <   99,10443>  < 5082, 1294>  <10861, 6672>  < 9912,  184>  < 6849,11400> 
 <10867, 6185>  < 8141, 1584>  <  702,11318>  < 6849, 4654>  < 8745,11073> 
 < 9898, 6430>  < 8549,10084>  < 5041, 6507>  < 5578,11194>  < 9639, 5360> 
 <11245, 7260>  < 8396, 6803>  <10706, 3706>  < 4015, 3683>  < 4607,10253> 
 < 6599,  621>  < 7150,10405>  <10247,11502>  < 2220, 2546>  < 9922, 7242> 
 < 3062, 7925>  <  674,  241>  < 5426,10590>  <11463, 7586>  < 2377, 1611> 
 < 7442, 3753>  <11415,10119>  < 6533, 8051>  < 6071,10671>  < 8692, 1879> 
 < 2860, 3338>  < 2252, 5542>  < 9886, 8202>  < 1204, 3000>  < 1754, 3239> 
 < 1664,  711>  < 2947, 1526>  <   75,11307>  < 4290, 8599>  < 3831, 4499> 
 < 6654, 4198>  < 4962,11535>  < 1958, 9912>  <10090, 4513>  <  173,10147> 
 < 7871, 6294>  <11533, 6033>  < 4299,  954>  < 1112, 6233>  < 6904, 6408> 
 < 4114, 5278>  < 8998, 8606>  <10368, 9204>  <11098, 8489>  < 2730,10726> 
 < 2307, 5340>  < 9302, 5913>  < 8069, 9839>  < 6731, 5180>  < 6462, 9260> 
 < 4438, 8314>  < 4429, 7030>  < 9334, 7213>  <11586, 2407>  < 2444, 7309> 
 < 4723,10659>  < 6698, 6702>  <11257,12036>  < 3247, 9438>  < 1566, 5721> 
 <  475,11595>  < 1118, 5362>  < 2567, 8681>  < 1858,11441>  < 6624, 5580> 
 <11540, 4143>  < 1105, 3244>  <  183, 6396>  < 3804, 1313>  < 2145,  728> 
 < 8347,12015>  < 8334, 2658>  < 2822, 2089>  < 8123, 4636>  < 9998, 1176> 
 <  793, 2508>  < 6378, 7737>  <11089, 2338>  < 7027,10633>  <10868, 7674> 
 < 2834, 1297>  <12308, 9155>  < 1446,10033>  <11348, 2145>  < 3321, 4228> 
 <  706,11325>  < 3870, 8600>  < 9843,10170>  < 1418, 1314>  < 9381, 1515> 
 < 6505, 4064>  < 1010,12051>  < 6588, 4583>  < 3883, 8394>  <   84, 3884> 
 <  559, 8809>  <11077, 5518>  <10912, 4079>  <10390,10669>  < 4062, 1963> 
 < 1336, 8916>  < 9421, 3889>  <10219, 3968>  < 9241, 7060>  <10492, 3378> 
 < 8648, 3186>  < 1022,10708>  < 3138, 8962>  < 1809, 3417>  < 7803, 4076> 
 < 8183,12206>  < 6237, 9774>  < 1834,  571>  < 6424,12386>  < 5769, 6728> 
 < 3023, 6546>  < 9235, 6730>  <   33,12583>  < 2239,11207>  <  259, 7406> 
 < 5629, 8116>  <10354, 9078>  < 1646, 7029>  < 4622, 2807>  <  606, 6768> 
 < 5370,10216>  < 9028, 8644>  < 6115,12205>  < 3032, 7280>  < 9684,  224> 
 <12155, 2806>  <12472, 5283>  < 6594, 5594>  < 6712, 7936>  < 4205, 4983> 
 < 9322, 8682>  < 1073, 6643>  <11600,11729>  <  873,12633>  < 7325, 3316> 
 < 6217, 8922>  <12464,  970>  <10986, 6873>  < 9728, 4677>  < 8236, 8261> 
 < 6020, 9679>  <12907, 9178>  <11192, 3035>  < 4175,10588>  <  469, 8433> 
 < 2267, 2155>  < 1257, 2073>  < 2061, 6491>  < 5052, 1554>  < 7474,10626> 
 < 3297, 2401>  < 7071,12282>  <12779,  286>  < 3998, 8720>  < 2758, 5889> 
 <10204, 2958>  < 9671,10805>  < 5066,12848>  < 8716, 8256>  < 9113, 7381> 
 < 3642,10408>  < 2734,  881>  < 1800, 8659>  < 3237, 1147>  <  186, 8761> 
 <11189, 5181>  < 7082,11631>  < 7121, 1821>  < 3576, 5930>  < 4243, 4683> 
 < 3616,12989>  <11875, 9566>  < 8090, 6235>  <12225, 5911>  < 5500,11936> 
 < 2291, 1822>  < 8007, 9619>  <10960, 2763>  < 5330, 9099>  < 5446, 1518> 
 < 5138, 1048>  <11254,10307>  < 7935, 6939>  < 3082, 2652>  < 8630, 1517> 
 < 8943, 7603>  <11108, 2745>  <11074,12792>  < 3573, 7151>  < 3177, 2132> 
 < 5224,11936>  < 5236, 2624>  < 2531, 7309>  <11952, 6304>  < 8424, 6014> 
 <13293, 8120>  <10707,  281>  <11886, 5724>  < 4522,  916>  < 9337,13284> 
 <11497,11977>  <12676,  181>  <12700,10980>  <10985, 2720>  <12151, 2007> 
 < 9806,  862>  <10809,10816>  <12067, 1882>  < 2014, 2073>  < 9094, 6490> 
 < 2201, 5365>  <10694, 6355>  <12363,13330>  <  115,13207>  < 1784, 8454> 
 <12043, 2909>  <13229, 5329>  <12806,13488>  < 2685, 6062>  < 3076, 3527> 
 < 1782,12502>  < 3508, 7328>  <  132, 6868>  < 2316, 5734>  < 3802,10679> 
 <10704, 2942>  <13271, 4760>  < 5297,12798>  < 8006,  452>  <13645,12501> 
 < 9208, 2550>  <  663,11444>  < 8630, 2243>  < 9971, 2802>  <12544,12996> 
 <10081, 1897>  <12714, 9821>  < 8933,13470>  < 3828,  736>  <10737,  807> 
 < 4667, 9868>  <10496, 1925>  <  914,11350>  < 4861,  789>  <10955, 8067> 
 <10137,10077>  < 7465, 7955>  < 5230,11057>  <13820, 6361>  < 7441, 5545> 
 <13801,11204>  < 8600, 7561>  < 4354, 5706>  <12336, 7010>  < 9572, 4565> 
 < 6557, 7505>  <12168, 2001>  <12143, 8647>  <12461, 3289>  < 1456, 6570> 
 < 1857, 1142>  <10272,10584>  < 7989, 3114>  < 4187, 1295>  <  569, 7510> 
 < 8015,12816>  <12518,10053>  < 4638,13983>  < 8322,  523>  <10922,12893> 
 < 9102,13173>  < 4207, 5500>  < 8906, 1669>  < 8699,10485>  < 1303, 6079> 
 < 7378, 2075>  < 2860, 4131>  < 6853, 4265>  < 4426, 5256>  <  213,14201> 
 < 3037, 5635>  <12082, 1192>  < 6017,10381>  < 8974, 3049>  <10297,11737> 
 <  327,11493>  < 7120,13947>  < 3374, 5771>  < 5504, 2914>  <10449, 3726> 
 < 5515, 4167>  < 5664,12197>  < 4425, 5462>  < 2313,13188>  < 9882, 5268> 
 < 8412,11438>  <13154,12089>  <11659, 6943>  < 9838, 2989>  <10357,11856> 
 < 5381, 5366>  <13530, 4096>  < 7463, 8766>  <10787, 3846>  < 2950, 3758> 
 < 6501, 9738>  < 9657, 8895>  < 7140,13935>  <13023, 5885>  < 3264, 1971> 
 < 6618, 4682>  < 4409,  458>  < 4196,  429>  < 3653,10905>  < 8284, 3403> 
 <14322, 3883>  <12942, 4973>  < 4272, 1758>  < 6049,  821>  <13416, 5669> 
 <11571, 1565>  < 6889,11016>  < 3907, 5018>  <13965, 5458>  <11091,  652> 
 < 5540, 6112>  < 8112, 3334>  < 9880,14155>  <10479,12015>  < 4808,12133> 
 < 6267,11966>  <10799,14010>  < 8986, 7867>  <14795, 1316>  < 1657,12271> 
 <14183,   27>  <  649,11510>  < 6985,10210>  < 7136,11855>  < 1834, 2951> 
 < 3029,  116>  <13858, 5087>  <10933, 3707>  <12035, 9523>  <11192, 7958> 
 < 6108, 9451>  < 6515, 6163>  <13846, 5499>  < 8765,  942>  <14843, 4239> 
 <12088, 9715>  < 9773,14633>  < 7063, 7388>  <  601,12305>  < 1338, 3045> 
 < 3588, 7070>  < 8869,12411>  < 9215, 2513>  < 7511, 4357>  < 1204, 9726> 
 < 7087, 7749>  < 2771,14488>  <11788, 9014>  < 5676, 9449>  <12814, 2150> 
 <12733, 2122>  <  692, 4669>  < 4844, 4756>  < 3207, 5826>  <13058, 3856> 
 <14936,  820>  < 7746,10908>  <  994, 3845>  < 7937,11684>  <14250,   67> 
 < 2026,  524>  < 5845,  303>  < 7099,   85>  <11206, 1979>  <13049, 5338> 
 < 4214, 5029>  < 5956, 8345>  < 4848,12676>  <11232, 3351>  < 8419, 4150> 
 < 8959, 3550>  < 9163, 2533>  < 5433, 8872>  <  298,15012>  < 6543, 6183> 
 <12195,10743>  <11186, 1279>  < 6982, 3109>  < 6043,10557>  < 9255, 6930> 
 <  195, 8413>  < 3456, 4351>  < 4633,15134>  < 8886, 5511>  < 3498, 2925> 
 <15325, 6528>  <14557, 8461>  < 8050, 9293>  < 5137, 5255>  < 7466,15317> 
 <  493, 8781>  <12780, 5533>  < 7173, 8369>  <14302, 9697>  < 4690,10817> 
 < 7507, 1838>  <14410, 6170>  < 4875, 8798>  < 5908, 7303>  <12893, 2785> 
 < 6816,15034>  < 8938, 7788>  <10605,   19>  <15539, 9006>  <11726, 9243> 
 < 9533,11379>  < 7918, 8617>  < 7164, 1579>  <13609,11571>  < 4069, 2226> 
 < 1730, 6799>  <11945, 4753>  < 9424, 7530>  < 7502, 2081>  <11149,14707> 
 <10379,13505>  < 9472,12480>  <11715, 5440>  < 7414,  347>  < 2020,13829> 
 < 8163, 9455>  <14357,10972>  <  143,10068>  <  984, 9462>  <15661, 9521> 
 < 1843, 7438>  < 1636,15481>  < 6238,  399>  <15510,13609>  <10970,12141> 
 < 8029, 3049>  < 6616, 3436>  < 1437,10224>  <11075, 2650>  <14810, 3967> 
 < 5565,15701>  <12184,   81>  < 5036,13097>  <10641, 7272>  < 6196,  938> 
 < 8235, 9747>  < 3457, 1199>  <11131,14896>  <13320, 1893>  < 8160,11255> 
 <11598, 8925>  <10323,13916>  <10382, 8008>  <15226, 1273>  < 3885, 5150> 
 <13664,15640>  < 7476,14009>  < 5879,15411>  < 4779, 6345>  <  996, 6340> 
 <14145, 2986>  < 7155, 5400>  < 8506,15672>  < 8777, 7959>  <14077, 3702> 
 < 5836,  983>  < 2558, 4989>  < 5740,15551>  < 4072,   18>  <10605, 5812> 
 < 4137, 3631>  <12807, 7061>  <   88, 4529>  < 9253, 5338>  <12873, 2019> 
 < 7810, 8240>  < 1001,16075>  < 3318,10380>  < 6826, 2910>  < 7988, 4479> 
 < 3653, 8100>  < 4214,14464>  <13138,12837>  < 1710, 1900>  < 3896,14923> 
 < 6741, 6353>  < 5768,13117>  <14858,13624>  < 2727,11988>  <11306,12419> 
 <14895,15121>  < 7983, 9497>  <10724,10841>  < 8480, 3494>  < 1418,10368> 
 < 6108,15336>  <14546, 1367>  <11751, 2020>  < 2958, 7155>  < 4518, 7958> 
 <10837,  876>  <14507,15624>  <15996,15774>  < 6280,13244>  <12969, 2284> 
 < 4230,10841>  < 5844,13081>  <11610, 2908>  < 2260, 3709>  <  906,  239> 
 <10162, 5115>  <14762, 5664>  <  443,13498>  <10224, 8979>  < 4347, 1742> 
 < 8343, 5339>  <14106,  471>  <12169, 1504>  <15409, 3341>  <11948, 6938> 
 <10602,12093>  <16560, 9085>  < 7635,12004>  <14339, 3377>  <  979, 6153> 
 < 7233, 3392>  < 8795, 9976>  <12329, 9726>  <13474, 3526>  <  655, 5455> 
 < 7086, 4310>  <12994,15609>  < 7513, 5744>  < 1774, 6975>  < 5208, 1087> 
 < 8705, 2203>  < 2171, 2956>  < 1464, 8243>  < 9638,15563>  <   38, 8549> 
 < 6077, 9548>  <16508,16710>  < 5004, 1971>  < 8200, 2573>  < 5245,16310> 
 <12017, 1095>  < 7907,12877>  <14626, 6397>  < 3050,12625>  < 5505, 9113> 
 <15821,10316>  <  654, 9900>  < 9491, 7693>  <10949, 3695>  <10942,11475> 
 < 1119,10614>  < 4530, 2679>  <11354,16839>  <13603, 3121>  <  561, 3251> 
 < 7527, 5343>  < 9746, 7607>  < 7119, 9097>  <12512,15434>  < 6855, 1471> 
 < 1492,16592>  <16109,13609>  < 3862, 2112>  < 8807,13705>  < 6940,14838> 
 < 3322, 6144>  <16520, 9035>  <   73, 3969>  < 8014, 1433>  < 3735, 3358> 
 <10749,  974>  < 2758, 1130>  < 9097,   52>  <11124, 6140>  < 3693, 9949> 
